Vec Object: 1 MPI process
  type: seq
0.
0.
0.
0.
0.
0.
0.
0.
0.
0.
0.
0.
0.
0.
0.
0.
0.
0.
0.
0.
0.
0.
0.
0.
0.
0.
0.
0.
0.
0.
0.
0.
0.
0.
0.
0.
0.
0.
0.
0.
0.
0.
0.
0.
0.
0.
0.
0.
0.
0.
0.
0.
0.
0.
0.
0.
0.
0.
0.
0.
0.
0.
0.
0.
0.
0.0354116
0.0667714
0.0948107
0.120079
0.142996
0.163888
0.183012
0.200572
0.216735
0.231637
0.245392
0.258094
0.269826
0.280655
0.29064
0.299834
0.308282
0.316021
0.323087
0.329509
0.335315
0.340526
0.345163
0.349244
0.352783
0.355794
0.358288
0.360272
0.361754
0.362739
0.363231
0.363231
0.362739
0.361754
0.360272
0.358288
0.355794
0.352783
0.349244
0.345163
0.340526
0.335315
0.329509
0.323087
0.316021
0.308282
0.299834
0.29064
0.280654
0.269826
0.258094
0.245391
0.231637
0.216734
0.200572
0.183012
0.163888
0.142996
0.120079
0.0948106
0.0667713
0.0354115
0.
0.
0.0572622
0.109943
0.158472
0.203242
0.244602
0.282862
0.318291
0.351128
0.381579
0.409826
0.436028
0.460326
0.482841
0.503683
0.522949
0.540722
0.55708
0.572088
0.585808
0.598291
0.609584
0.61973
0.628764
0.636719
0.643621
0.649495
0.654361
0.658234
0.661128
0.663052
0.664013
0.664013
0.663052
0.661128
0.658234
0.654361
0.649495
0.643621
0.636719
0.628764
0.61973
0.609584
0.59829
0.585807
0.572088
0.55708
0.540722
0.522949
0.503683
0.482841
0.460325
0.436028
0.409826
0.381578
0.351127
0.318291
0.282861
0.244602
0.203242
0.158472
0.109943
0.0572621
0.
0.
0.0728312
0.140921
0.204559
0.264028
0.31959
0.371496
0.419975
0.46524
0.507487
0.546893
0.583623
0.617824
0.649631
0.679166
0.70654
0.731855
0.7552
0.776658
0.796303
0.814202
0.830414
0.844994
0.857987
0.869437
0.879378
0.887843
0.894858
0.900444
0.904618
0.907394
0.90878
0.90878
0.907394
0.904618
0.900444
0.894858
0.887843
0.879378
0.869437
0.857987
0.844994
0.830414
0.814202
0.796303
0.776657
0.755199
0.731854
0.70654
0.679166
0.64963
0.617824
0.583623
0.546893
0.507486
0.465239
0.419974
0.371495
0.31959
0.264027
0.204559
0.140921
0.0728311
0.
0.
0.0843168
0.163817
0.238722
0.309246
0.3756
0.437984
0.49659
0.551603
0.603193
0.651522
0.696743
0.738997
0.778415
0.815119
0.849221
0.880827
0.91003
0.93692
0.961576
0.98407
1.00447
1.02283
1.03921
1.05366
1.06621
1.0769
1.08577
1.09283
1.09811
1.10162
1.10338
1.10338
1.10162
1.09811
1.09283
1.08577
1.0769
1.06621
1.05366
1.03921
1.02283
1.00447
0.98407
0.961575
0.93692
0.91003
0.880826
0.849221
0.815118
0.778414
0.738996
0.696743
0.651522
0.603192
0.551602
0.49659
0.437983
0.375599
0.309246
0.238721
0.163817
0.0843167
0.
0.
0.0927433
0.180628
0.263835
0.342541
0.41692
0.487141
0.553368
0.615761
0.67447
0.72964
0.781411
0.829912
0.875266
0.917591
0.956994
0.993578
1.02744
1.05866
1.08732
1.11351
1.13728
1.1587
1.17782
1.19469
1.20936
1.22187
1.23224
1.2405
1.24668
1.25079
1.25285
1.25285
1.25079
1.24668
1.2405
1.23224
1.22187
1.20936
1.19469
1.17782
1.1587
1.13728
1.11351
1.08732
1.05866
1.02744
0.993578
0.956994
0.91759
0.875266
0.829911
0.78141
0.72964
0.674469
0.61576
0.553368
0.48714
0.416919
0.342541
0.263835
0.180628
0.0927431
0.
0.
0.0986843
0.192485
0.281559
0.366058
0.446135
0.521939
0.593613
0.6613
0.725136
0.785253
0.841777
0.89483
0.944527
0.990978
1.03429
1.07455
1.11186
1.1463
1.17795
1.20689
1.23319
1.2569
1.27808
1.29678
1.31305
1.32692
1.33843
1.3476
1.35446
1.35903
1.36131
1.36131
1.35903
1.35446
1.3476
1.33843
1.32692
1.31305
1.29678
1.27808
1.2569
1.23319
1.20689
1.17795
1.1463
1.11186
1.07455
1.03428
0.990977
0.944526
0.89483
0.841777
0.785252
0.725135
0.661299
0.593613
0.521938
0.446135
0.366058
0.281559
0.192485
0.0986841
0.
0.
0.102482
0.200067
0.292896
0.381108
0.464842
0.544234
0.619417
0.690522
0.757675
0.821
0.880615
0.936634
0.989168
1.03832
1.08419
1.12687
1.16646
1.20303
1.23666
1.26742
1.29539
1.32062
1.34317
1.36309
1.38042
1.39521
1.40748
1.41726
1.42458
1.42945
1.43188
1.43188
1.42945
1.42458
1.41726
1.40748
1.39521
1.38042
1.36309
1.34317
1.32062
1.29539
1.26742
1.23666
1.20302
1.16646
1.12687
1.08419
1.03832
0.989167
0.936634
0.880614
0.820999
0.757674
0.690521
0.619416
0.544233
0.464842
0.381108
0.292896
0.200067
0.102482
0.
0.
0.104336
0.203767
0.298429
0.388455
0.473977
0.555125
0.632026
0.704807
0.773589
0.838491
0.899627
0.957109
1.01104
1.06153
1.10867
1.15255
1.19326
1.23089
1.2655
1.29717
1.32598
1.35197
1.3752
1.39573
1.41359
1.42883
1.44148
1.45157
1.45911
1.46414
1.46664
1.46664
1.46414
1.45911
1.45157
1.44148
1.42883
1.41359
1.39573
1.3752
1.35197
1.32598
1.29717
1.2655
1.23088
1.19326
1.15255
1.10867
1.06153
1.01104
0.957108
0.899627
0.83849
0.773589
0.704807
0.632026
0.555124
0.473976
0.388455
0.298429
0.203767
0.104336
0.
0.
0.104336
0.203767
0.298429
0.388455
0.473977
0.555125
0.632026
0.704807
0.773589
0.838491
0.899627
0.957109
1.01104
1.06153
1.10867
1.15255
1.19326
1.23089
1.2655
1.29717
1.32598
1.35197
1.3752
1.39573
1.41359
1.42883
1.44148
1.45157
1.45911
1.46414
1.46664
1.46664
1.46414
1.45911
1.45157
1.44148
1.42883
1.41359
1.39573
1.3752
1.35197
1.32598
1.29717
1.2655
1.23088
1.19326
1.15255
1.10867
1.06153
1.01104
0.957108
0.899627
0.83849
0.773589
0.704807
0.632026
0.555124
0.473976
0.388455
0.298429
0.203767
0.104336
0.
0.
0.102482
0.200067
0.292896
0.381108
0.464842
0.544234
0.619417
0.690522
0.757675
0.821
0.880615
0.936634
0.989168
1.03832
1.08419
1.12687
1.16646
1.20303
1.23666
1.26742
1.29539
1.32062
1.34317
1.36309
1.38042
1.39521
1.40748
1.41726
1.42458
1.42945
1.43188
1.43188
1.42945
1.42458
1.41726
1.40748
1.39521
1.38042
1.36309
1.34317
1.32062
1.29539
1.26742
1.23666
1.20302
1.16646
1.12687
1.08419
1.03832
0.989167
0.936634
0.880614
0.820999
0.757674
0.690521
0.619416
0.544233
0.464842
0.381108
0.292896
0.200067
0.102482
0.
0.
0.0986842
0.192485
0.281559
0.366058
0.446135
0.521939
0.593613
0.6613
0.725136
0.785253
0.841777
0.89483
0.944527
0.990978
1.03429
1.07455
1.11186
1.1463
1.17795
1.20689
1.23319
1.2569
1.27808
1.29678
1.31305
1.32692
1.33843
1.3476
1.35446
1.35903
1.36131
1.36131
1.35903
1.35446
1.3476
1.33843
1.32692
1.31305
1.29678
1.27808
1.2569
1.23319
1.20689
1.17795
1.1463
1.11186
1.07455
1.03428
0.990977
0.944526
0.894829
0.841777
0.785252
0.725135
0.661299
0.593613
0.521938
0.446135
0.366058
0.281559
0.192485
0.0986842
0.
0.
0.0927432
0.180628
0.263835
0.342541
0.41692
0.487141
0.553368
0.615761
0.67447
0.72964
0.781411
0.829912
0.875266
0.917591
0.956994
0.993578
1.02744
1.05866
1.08732
1.11351
1.13728
1.1587
1.17782
1.19469
1.20936
1.22187
1.23224
1.2405
1.24668
1.25079
1.25285
1.25285
1.25079
1.24668
1.2405
1.23224
1.22186
1.20936
1.19469
1.17782
1.1587
1.13728
1.11351
1.08732
1.05866
1.02744
0.993578
0.956994
0.91759
0.875266
0.829911
0.78141
0.72964
0.674469
0.61576
0.553368
0.48714
0.416919
0.342541
0.263835
0.180628
0.0927432
0.
0.
0.0843168
0.163817
0.238722
0.309246
0.375599
0.437983
0.49659
0.551602
0.603192
0.651522
0.696743
0.738997
0.778415
0.815119
0.849221
0.880827
0.91003
0.93692
0.961576
0.98407
1.00447
1.02283
1.03921
1.05366
1.06621
1.0769
1.08577
1.09283
1.09811
1.10162
1.10338
1.10338
1.10162
1.09811
1.09283
1.08577
1.0769
1.06621
1.05366
1.03921
1.02283
1.00447
0.98407
0.961575
0.93692
0.91003
0.880826
0.849221
0.815118
0.778414
0.738996
0.696743
0.651522
0.603192
0.551602
0.49659
0.437983
0.375599
0.309246
0.238722
0.163817
0.0843167
0.
0.
0.0728312
0.140921
0.204559
0.264027
0.31959
0.371496
0.419974
0.46524
0.507486
0.546893
0.583623
0.617824
0.649631
0.679166
0.70654
0.731855
0.7552
0.776658
0.796303
0.814202
0.830415
0.844994
0.857988
0.869437
0.879378
0.887843
0.894858
0.900444
0.904618
0.907394
0.90878
0.90878
0.907394
0.904618
0.900443
0.894857
0.887843
0.879378
0.869436
0.857987
0.844993
0.830414
0.814201
0.796302
0.776657
0.755199
0.731854
0.70654
0.679165
0.64963
0.617823
0.583623
0.546893
0.507486
0.46524
0.419974
0.371495
0.31959
0.264027
0.204559
0.140921
0.0728311
0.
0.
0.0572622
0.109943
0.158472
0.203242
0.244602
0.282861
0.318291
0.351127
0.381579
0.409826
0.436028
0.460326
0.482841
0.503683
0.522949
0.540722
0.55708
0.572088
0.585808
0.598291
0.609584
0.61973
0.628764
0.636719
0.643621
0.649495
0.654361
0.658234
0.661128
0.663052
0.664013
0.664012
0.663052
0.661128
0.658234
0.654361
0.649495
0.643621
0.636718
0.628764
0.619729
0.609584
0.59829
0.585807
0.572088
0.55708
0.540722
0.522948
0.503683
0.482841
0.460325
0.436028
0.409826
0.381578
0.351127
0.318291
0.282861
0.244602
0.203242
0.158472
0.109943
0.0572622
0.
0.
0.0354115
0.0667714
0.0948106
0.120079
0.142996
0.163888
0.183012
0.200572
0.216735
0.231637
0.245392
0.258094
0.269826
0.280655
0.29064
0.299834
0.308282
0.316021
0.323087
0.32951
0.335315
0.340526
0.345163
0.349244
0.352784
0.355794
0.358288
0.360272
0.361754
0.362739
0.363231
0.363231
0.362739
0.361754
0.360272
0.358287
0.355794
0.352783
0.349244
0.345163
0.340526
0.335315
0.329509
0.323087
0.316021
0.308282
0.299834
0.29064
0.280654
0.269826
0.258094
0.245391
0.231637
0.216735
0.200572
0.183012
0.163888
0.142996
0.120079
0.0948106
0.0667714
0.0354115
0.
0.
0.
0.
0.
0.
0.
0.
0.
0.
0.
0.
0.
0.
0.
0.
0.
0.
0.
0.
0.
0.
0.
0.
0.
0.
0.
0.
0.
0.
0.
0.
0.
0.
0.
0.
0.
0.
0.
0.
0.
0.
0.
0.
0.
0.
0.
0.
0.
0.
0.
0.
0.
0.
0.
0.
0.
0.
0.
0.
0.
0.
0.
0.
0.
